% [ PEG weight, H2O weight ]

%  TE series: PEG8,000 in 1xTE

weights= [ ...
      7.3410,  7.3380; ... %    0.5001
      5.5543,  6.8112; ... %    0.4492
      5.4146,  8.1458; ... %    0.3993
      4.8041,  8.9172; ... %    0.3501
      4.4868, 10.5487; ... %    0.2984
      3.1863,  9.5311; ... %    0.2505
      2.4619,  9.8931; ... %    0.1993
      2.1926, 12.5134; ... %    0.1491
      1.3527, 12.1254 ];   %    0.1004

concen = weights(:,1)./(weights(:,1) + weights(:,2));

% LD series: PEG8,000 in 5mM MgCl2 1xTE

weights= [ ...
     5.8513 ,  4.8043; ... %    0.5491
     5.3837 ,  5.4761; ... %    0.4957
     5.1356 ,  6.2763; ... %    0.4500
     4.9759 ,  7.4243; ... %    0.4013
     4.9644 ,  9.2067; ... %    0.3503
     4.5734 , 10.9475; ... %    0.2947
     3.6691 , 11.0634; ... %    0.2490
     2.2996 ,  9.1149; ... %    0.2015
     1.8135 , 10.2066; ... %    0.1509
     1.4645 , 13.1222; ... %    0.1004
     0.5863 ,  6.7756; ... %    0.0796
     0.6621 , 10.3612; ... %    0.0601
     0.4117 ,  9.8749; ... %    0.0400
     0.2675 , 13.1724; ... %    0.0199
     0.1325 , 13.1722 ];   %    0.0100

concen = weights(:,1)./(weights(:,1) + weights(:,2))

% BP series: PEG20,000 in 20mM MgCl2 1xTE

weights = [ ...
 2.6098,  2.2718; ...
 2.7186,  3.0407; ...
 2.7408,  4.0454; ...
 1.9014,  5.3447; ...
 1.6417,  6.5904; ...
 1.3392,  8.8298; ...
 0.8084, 11.3408];

weights(:,2) = weights(:,2) + weights(:,1)*30.3116/(13.0648+30.3116);
weights(:,1) = weights(:,1)*13.0648/(13.0648+30.3116);

weights = [ ...
      4.6472,   4.6280; ...   %   0.5010
      4.5776,   6.8586; ...   %   0.4003
     13.0648,  30.3116; ...   %   0.3012
      2.6881,  10.8077; ...   %   0.1992
      0.7861,   4.0955; ...   %   0.1610
      0.8188,   4.9405; ...   %   0.1422
      0.8255,   5.9607; ...   %   0.1216
      1.4397,  13.0131; ...   %   0.0996
      0.5727,   6.6734; ...   %   0.0790
      0.4945,   7.7376; ...   %   0.0601
      0.4034,   9.7656; ...   %   0.0397
      0.2435,  11.9057];      %   0.0200

concen = weights(:,1)./(weights(:,1) + weights(:,2))

  
  
  
  
  
  
  
  
  
  
  
  
